.Random.seed <-
c(403L, 10L, -201297528L, -1023039349L, 790479465L, 1549778488L, 
-1336158490L, -722046335L, 445578771L, 1583909314L, -483057036L, 
-378256265L, -1625617043L, -1715391996L, -315027158L, 502810261L, 
1422863663L, 296818742L, 335293536L, 1364312739L, 1080686017L, 
-1542962768L, 1206395086L, 1142537785L, 1694957643L, -192761350L, 
-379785988L, -1684897473L, -1314750955L, 1826209068L, 1580273154L, 
-1012198179L, 1939214295L, -1840878914L, -1483641608L, 28496603L, 
-1687189191L, 1036700808L, 361774134L, -1009547151L, -1966785885L, 
1315053554L, -1088048316L, 1208032263L, 1755003357L, 301696724L, 
-1390073350L, 75040069L, -2006724193L, 846066470L, -770585680L, 
-163694509L, 245576561L, 465617568L, -1766934978L, -1021526711L, 
-1909095429L, -1073748022L, 1585994028L, -1730710225L, -1272349723L, 
-559725924L, -425982222L, -2129815699L, -439000921L, -436739378L, 
-1350037464L, -2063979477L, 1309482569L, 385505112L, -602357242L, 
-1406964767L, 66881907L, 1500293602L, -214119084L, -1615764393L, 
-101169075L, -1028437020L, -400479798L, -950947787L, 920825487L, 
249855894L, 533857088L, 910011907L, -1000885215L, -442058992L, 
-1369953042L, 1931310233L, -1564778197L, 1601378330L, -1883532580L, 
129127135L, -829879115L, 574909004L, -1494280542L, 1003552253L, 
82253559L, 1067614238L, -762801448L, -991152581L, -1387691047L, 
404451688L, 1268189334L, 1909179921L, 1576304579L, 1944798162L, 
1786986084L, -196391513L, 243196669L, -2144807180L, 667091418L, 
-1880079067L, -719174593L, 404878278L, -516431792L, -2048471949L, 
-677912431L, -1979334464L, -1087001954L, -1346050455L, 1929664155L, 
365738922L, 309600204L, 4510351L, 2076015301L, -1106242948L, 
1999257298L, -1042572723L, -1379207417L, -814081298L, 216485832L, 
2041598155L, -1866747607L, 241764728L, 968973990L, 372836545L, 
1913356627L, -1004048894L, -465422540L, -2115390281L, 595092653L, 
-1879948860L, 606953962L, 1865612885L, -1478471697L, 1990230006L, 
-1659881184L, -1852213533L, 1123422081L, 167041520L, 1754728590L, 
-822317063L, 1427555723L, -670883398L, 1737810108L, -1768569857L, 
1273631061L, 439011948L, 789847746L, 1690257693L, -1433705L, 
-1757848834L, 1623064760L, 1454607003L, 11708665L, -1693607352L, 
109004150L, -1728588623L, 1693948131L, -38594638L, 274155524L, 
-761717945L, 1408741917L, -1642362732L, -113145798L, 2112678533L, 
1019550559L, 1422259174L, -764314000L, -1194872429L, 1149433393L, 
-1429967648L, -339690114L, 2110615561L, -896049093L, -1948684790L, 
1373715948L, -840224145L, 1869249957L, -1867989668L, -1417166542L, 
1243013165L, 996892391L, 50328590L, -1871807000L, 213067755L, 
1336899721L, 865131544L, -872072378L, 1605159329L, 1524004915L, 
-705415774L, -837840748L, 651998999L, 1924776205L, 508045348L, 
-1892505590L, 414227829L, -1322529585L, 94314454L, -1493360768L, 
299078595L, 1973917025L, 1160145872L, 1399196462L, 797800153L, 
926065899L, -1330977446L, -1869605092L, -122498529L, 1487204981L, 
1684356876L, 1637987042L, 1158490045L, -1953423305L, -157193506L, 
-1743137256L, 227735931L, 1597042969L, -1940042356L, 11819872L, 
2128951778L, -2115669080L, -524208948L, 1179910140L, 972088754L, 
-1469811216L, -932049980L, 1589028184L, -821667462L, 2014380976L, 
-1469806148L, -508020652L, 254556098L, -1331810272L, 1086142652L, 
-2041474480L, 1355002850L, 957087848L, 273269836L, -724461316L, 
1240796146L, 2041497856L, -1365294732L, 395570184L, -961118278L, 
-1793379888L, 487750636L, 1559437716L, 424415698L, 1232834912L, 
-471019700L, -2061870816L, -1944371326L, -2001031448L, 1201914092L, 
780776508L, -384451726L, -1861599632L, -1422519260L, -342537416L, 
1742187674L, -237235504L, -111279940L, -1919996268L, -323766654L, 
-598128448L, -1057905860L, 79191184L, 954400290L, -709242872L, 
-82305780L, 389983388L, -663781870L, 626818944L, 1463602708L, 
1230842408L, -758516422L, 1348028880L, -622447508L, 219130164L, 
-1797122414L, 1281362784L, -1893797044L, 2016851936L, 290854818L, 
-1969223768L, -2064142964L, 987465916L, 147818866L, -1900276496L, 
-1698746300L, 690135384L, -2085542342L, 1314618224L, -2085144516L, 
1179836180L, 218260930L, -1085375776L, 486315900L, -1858412848L, 
-1153541982L, 703990824L, -228858612L, -2143361092L, -1142855374L, 
-505321024L, -603665868L, -1105257528L, -2098612038L, -34657904L, 
-246722068L, -274578860L, 1209725074L, -725373152L, -1994626612L, 
2143655392L, -1203865918L, -1131453400L, 2079208108L, -1685986116L, 
499509746L, -1469763280L, 1250366628L, 1761740472L, 807484762L, 
703133072L, 874075004L, 1481926932L, -201194686L, -1327572224L, 
-1893697604L, 1869209424L, -1652997342L, 269573448L, -1509889524L, 
313673820L, 1283423442L, -1916036608L, 1731980628L, -341665304L, 
475859962L, 580993232L, 535268652L, 1242047220L, -319579758L, 
1111667808L, 1988404492L, -1626729760L, -617821854L, -422339928L, 
62653004L, -566955652L, 492029234L, 883388528L, -2042493116L, 
904756696L, 1302563962L, 1329180208L, 1214155452L, -785997996L, 
-42298302L, -1451328096L, -828945732L, 2137242064L, 1601043810L, 
-2065272856L, 1499465676L, 170610428L, 224174578L, 1580075136L, 
1413907700L, 1564771976L, 339859258L, -550309040L, 892757612L, 
-1679916908L, -1457778350L, 2126462688L, 1464971980L, -1496387424L, 
2033662850L, 703230696L, 1759023852L, 2013994044L, 801411698L, 
2101507184L, 531842596L, 401032248L, 1459501082L, 1237310160L, 
-1815129028L, -713284460L, 144284802L, -1525594176L, -1155835588L, 
344150672L, 1723804706L, 1516323848L, -483030900L, -1295074276L, 
-205203822L, 204014720L, 458461204L, 1157719336L, 795135546L, 
925099216L, -1068936084L, -1266732364L, 1716819986L, -1412003872L, 
-716558388L, -572650016L, 1923169826L, -836228824L, -694054644L, 
-630692292L, 379293938L, 990554864L, -1911270588L, -47621544L, 
1384972858L, -1138653456L, -1771729732L, -1646031340L, -245727038L, 
-80469920L, -1118392964L, -1689633584L, 1544014882L, -820233560L, 
96321420L, -1674044996L, 152142898L, 34015040L, -1144203084L, 
1581232968L, 1676790458L, -1298297072L, 308263148L, -822389676L, 
-1565280494L, 640496544L, -1863049268L, -672912544L, 114122946L, 
1459951116L, 581668762L, -1582975217L, -1328435879L, 206587886L, 
2034282108L, -270297363L, -1379016297L, 684108384L, 122576958L, 
1705814283L, 1861495693L, 1369794746L, -1384108296L, -1365744479L, 
-1710145453L, -1750045836L, -1408820990L, -1636189801L, 826844001L, 
-150571098L, -1444064860L, -104658859L, 275094783L, 380051864L, 
156187318L, 465785667L, -2135863675L, -2058452190L, 2093692944L, 
-1074232391L, 1935991915L, 1674131292L, -1143009654L, 876042879L, 
-1228323895L, -844373922L, 1639908108L, 1565731549L, -1313225753L, 
1671895056L, -938805970L, -545830437L, -1541927235L, 1606417450L, 
-546014008L, 2104531441L, -1651615901L, 477859684L, 1823073938L, 
-682867865L, -1426199247L, 1072252534L, 176174996L, 1542341541L, 
752972975L, -1089066648L, 1741410630L, 1054386419L, 1404712533L, 
700799538L, 1356916736L, 770735337L, 559938395L, 1035410860L, 
947357114L, -29146257L, -197716743L, 1136232846L, 304774236L, 
-640201011L, -870061513L, 996253888L, 710586270L, 873493611L, 
792810477L, 606139994L, 1001634072L, -239892863L, -1928520653L, 
-688838060L, -612131230L, 1566912759L, 2036065089L, 1955158470L, 
-1603230972L, 1040942773L, -560516705L, 699198968L, -985177130L, 
669957731L, -1489584603L, 216288706L, -1520631120L, -1803236647L, 
-1108825013L, 2048783036L, 872083690L, 182037791L, -22727255L, 
-782150850L, -1590628820L, -1022124931L, -891509049L, -1060986960L, 
900706766L, -372544773L, 1260108125L, -912913782L, 142751912L, 
42683409L, -729899773L, 1807872004L, 227590194L, 1124722823L, 
538764497L, 403390038L, 1558548020L, -491592379L, -1735874673L, 
-1867197688L, -1729112794L, -875606573L, 624527157L, -1718841710L, 
1817983584L, 986717129L, 200153851L, -1655921460L, -1050542758L, 
91295823L, -110478055L, -1504381138L, -1226110660L, -1754366291L, 
720091479L, 764524704L, 1568785918L, -937142069L, 1147283149L, 
-697781766L, -1797223880L, 542345185L, -1899511661L, 1813308084L, 
673116098L, -995386409L, -1844841439L, -453426202L, 762080996L, 
